{
  "nbformat": 4,
  "nbformat_minor": 0,
  "metadata": {
    "colab": {
      "provenance": [],
      "authorship_tag": "ABX9TyPY9z4VFnUx24hRQ+icefu3",
      "include_colab_link": true
    },
    "kernelspec": {
      "name": "python3",
      "display_name": "Python 3"
    },
    "language_info": {
      "name": "python"
    }
  },
  "cells": [
    {
      "cell_type": "markdown",
      "metadata": {
        "id": "view-in-github",
        "colab_type": "text"
      },
      "source": [
        "<a href=\"https://colab.research.google.com/github/25071001-ai/data_science/blob/main/Tutorial3.ipynb\" target=\"_parent\"><img src=\"https://colab.research.google.com/assets/colab-badge.svg\" alt=\"Open In Colab\"/></a>"
      ]
    },
    {
      "cell_type": "code",
      "execution_count": 1,
      "metadata": {
        "id": "jnKDvX7pkLSu"
      },
      "outputs": [],
      "source": [
        "import numpy as np"
      ]
    },
    {
      "cell_type": "code",
      "source": [
        "arr1=np.array([[1,2],[3,4]])\n",
        "print(arr1)"
      ],
      "metadata": {
        "colab": {
          "base_uri": "https://localhost:8080/"
        },
        "id": "iiArwFgjkiiY",
        "outputId": "b0325cb1-3a9e-47b2-a2c0-59d04f10e89e"
      },
      "execution_count": 2,
      "outputs": [
        {
          "output_type": "stream",
          "name": "stdout",
          "text": [
            "[[1 2]\n",
            " [3 4]]\n"
          ]
        }
      ]
    },
    {
      "cell_type": "code",
      "source": [
        "arr2=np.random.rand(3,4)\n",
        "print(arr2)"
      ],
      "metadata": {
        "colab": {
          "base_uri": "https://localhost:8080/"
        },
        "id": "m3qnPA0WmHt2",
        "outputId": "349def56-dbfc-4103-fdaa-623d9f0d44b4"
      },
      "execution_count": 3,
      "outputs": [
        {
          "output_type": "stream",
          "name": "stdout",
          "text": [
            "[[0.17632236 0.76325909 0.96939891 0.16044383]\n",
            " [0.81244469 0.09037704 0.54723102 0.0362829 ]\n",
            " [0.54210694 0.89438726 0.50908018 0.76069336]]\n"
          ]
        }
      ]
    },
    {
      "cell_type": "code",
      "source": [
        "ones=np.ones((2,3))\n",
        "zeros=np.zeros((2,3))\n",
        "print(ones)\n",
        "print(zeros)"
      ],
      "metadata": {
        "colab": {
          "base_uri": "https://localhost:8080/"
        },
        "id": "SmVty9r7nijt",
        "outputId": "def41d85-c3f9-4e53-bda5-a23034d4587c"
      },
      "execution_count": 4,
      "outputs": [
        {
          "output_type": "stream",
          "name": "stdout",
          "text": [
            "[[1. 1. 1.]\n",
            " [1. 1. 1.]]\n",
            "[[0. 0. 0.]\n",
            " [0. 0. 0.]]\n"
          ]
        }
      ]
    },
    {
      "cell_type": "code",
      "source": [
        "arr3=np.random.rand(6,3)\n",
        "print(arr3)\n",
        "print(arr3.T)"
      ],
      "metadata": {
        "colab": {
          "base_uri": "https://localhost:8080/"
        },
        "id": "gYR-eQbDoIW5",
        "outputId": "775a2282-96f1-4b32-c54f-408002469fd8"
      },
      "execution_count": 5,
      "outputs": [
        {
          "output_type": "stream",
          "name": "stdout",
          "text": [
            "[[0.62186962 0.82594348 0.64341087]\n",
            " [0.76461937 0.85091995 0.72432967]\n",
            " [0.06083892 0.51308035 0.85925569]\n",
            " [0.79613878 0.34777893 0.19246875]\n",
            " [0.00314758 0.17073119 0.67556399]\n",
            " [0.83867062 0.30359918 0.49231598]]\n",
            "[[0.62186962 0.76461937 0.06083892 0.79613878 0.00314758 0.83867062]\n",
            " [0.82594348 0.85091995 0.51308035 0.34777893 0.17073119 0.30359918]\n",
            " [0.64341087 0.72432967 0.85925569 0.19246875 0.67556399 0.49231598]]\n"
          ]
        }
      ]
    },
    {
      "cell_type": "code",
      "source": [
        "A=np.random.rand(2,3)\n",
        "B=np.random.rand(3,4)\n",
        "print(A)\n",
        "print(B)\n",
        "dot_product=np.dot(A,B)\n",
        "print(dot_product)"
      ],
      "metadata": {
        "colab": {
          "base_uri": "https://localhost:8080/"
        },
        "id": "jEQuJpA1omQO",
        "outputId": "603ec24b-f5f4-4ddb-dfa5-8094f5f8d179"
      },
      "execution_count": 6,
      "outputs": [
        {
          "output_type": "stream",
          "name": "stdout",
          "text": [
            "[[0.63246162 0.56810522 0.3176256 ]\n",
            " [0.59466377 0.49385626 0.49253728]]\n",
            "[[0.91658688 0.97922012 0.85378136 0.03597565]\n",
            " [0.10356901 0.04106447 0.84465689 0.8681849 ]\n",
            " [0.79171699 0.9167463  0.80906309 0.80859864]]\n",
            "[[0.8900137  0.93383018 1.27681708 0.77280522]\n",
            " [0.98615935 1.05411841 1.32334568 0.84841694]]\n"
          ]
        }
      ]
    }
  ]
}